Title:  MeCybutOClEtSTcalc42degtraj1
NAtoms=
Integral
Raffenetti
Two-electron
Nuclear
One-electron
NBasis=
NBsUse=
ExpMin=
Harris
HarFok:
ICtDFT=
FoFCou:
NFxFlg=
wScrn=
NMat0=
Petite
Requested
Requested
Requested
No
Integral
EnCoef
EnCoef
Failed
Switch
SCF
NFock=
QCSCF
DoSCS=F
Range
NBasis=
NROrb=
e
****
e
Symmetrizing
IMax=3
G2DrvN:
Calling
End
End
End
IDoAtm=111111111111111111111111111111
Differentiating
with
Differentiating
CalDSu
There
90
AX
90
90
90
90
58
10
3
InvSVY:
Solved
Isotropic
End
End
End
e
**********************************************************************
e
Population
e
**********************************************************************
e
Orbital
Occupied
(A)
(A)
(A)
(A)
Virtual
(A)
(A)
(A)
(A)
(A)
(A)
(A)
(A)
(A)
(A)
(A)
(A)
(A)
(A)
(A)
(A)
(A)
The
Alpha
Alpha
Alpha
Alpha
Alpha
Alpha
Alpha
Alpha
Alpha
Alpha
Alpha
Alpha
Alpha
Alpha
Alpha
Alpha
Alpha
Alpha
Alpha
Alpha
Alpha
Alpha
Alpha
Alpha
Alpha
Alpha
Alpha
Alpha
Alpha
Alpha
Alpha
Alpha
Alpha
Alpha
Alpha
Alpha
Alpha
Alpha
Alpha
Alpha
Alpha
Alpha
Alpha
Alpha
Alpha
Alpha
Alpha
Alpha
Alpha
Alpha
Alpha
Alpha
Alpha
Alpha
Condensed
1
1
2
3
4
5
6
7
8
9
10
11
12
13
14
15
16
17
18
19
20
21
22
23
24
25
26
27
28
29
30
7
1
2
3
4
5
6
7
8
9
10
11
12
13
14
15
16
17
18
19
20
21
22
23
24
25
26
27
28
29
30
13
1
2
3
4
5
6
7
8
9
10
11
12
13
14
15
16
17
18
19
20
21
22
23
24
25
26
27
28
29
30
19
1
2
3
4
5
6
7
8
9
10
11
12
13
14
15
16
17
18
19
20
21
22
23
24
25
26
27
28
29
30
25
1
2
3
4
5
6
7
8
9
10
11
12
13
14
15
16
17
18
19
20
21
22
23
24
25
26
27
28
29
30
Mulliken
1
1
2
3
4
5
6
7
8
9
10
11
12
13
14
15
16
17
18
19
20
21
22
23
24
25
26
27
28
29
30
Sum
Mulliken
1
1
2
3
4
5
6
7
8
9
10
11
12
APT
1
1
2
3
4
5
6
7
8
9
10
11
12
13
14
15
16
17
18
19
20
21
22
23
24
25
26
27
28
29
30
Sum
APT
1
1
2
3
4
5
6
7
8
9
10
11
12
Electronic
Charge=
Dipole
X=
Quadrupole
XX=
XY=
Traceless
XX=
XY=
Octapole
XXX=
XXY=
YYZ=
Hexadecapole
XXXX=
XXXZ=
ZZZY=
XXYZ=
N-N=
Exact
Approx
Calling
Full
Low
Low
******
Diagonal
257.6134606
Harmonic
activities
incident
and
1
A
Frequencies
Reduced
Force
IR
Coord
1
2
3
1
2
3
1
2
3
1
2
3
1
2
3
1
2
3
1
2
3
1
2
3
1
2
3
1
2
3
1
2
3
1
2
3
1
2
3
1
2
3
1
2
3
1
2
3
1
2
3
1
2
3
1
2
3
1
2
3
1
2
3
1
2
3
1
2
3
1
2
3
1
2
3
1
2
3
1
2
3
1
2
3
1
2
3
1
2
3
6
A
Frequencies
Reduced
Force
IR
Coord
1
2
3
1
2
3
1
2
3
1
2
3
1
2
3
1
2
3
1
2
3
1
2
3
1
2
3
1
2
3
1
2
3
1
2
3
1
2
3
1
2
3
1
2
3
1
2
3
1
2
3
1
2
3
1
2
3
1
2
3
1
2
3
1
2
3
1
2
3
1
2
3
1
2
3
1
2
3
1
2
3
1
2
3
1
2
3
1
2
3
11
A
Frequencies
Reduced
Force
IR
Coord
1
2
3
1
2
3
1
2
3
1
2
3
1
2
3
1
2
3
1
2
3
1
2
3
1
2
3
1
2
3
1
2
3
1
2
3
1
2
3
1
2
3
1
2
3
1
2
3
1
2
3
1
2
3
1
2
3
1
2
3
1
2
3
1
2
3
1
2
3
1
2
3
1
2
3
1
2
3
1
2
3
1
2
3
1
2
3
1
2
3
16
A
Frequencies
Reduced
Force
IR
Coord
1
2
3
1
2
3
1
2
3
1
2
3
1
2
3
1
2
3
1
2
3
1
2
3
1
2
3
1
2
3
1
2
3
1
2
3
1
2
3
1
2
3
1
2
3
1
2
3
1
2
3
1
2
3
1
2
3
1
2
3
1
2
3
1
2
3
1
2
3
1
2
3
1
2
3
1
2
3
1
2
3
1
2
3
1
2
3
1
2
3
21
A
Frequencies
Reduced
Force
IR
Coord
1
2
3
1
2
3
1
2
3
1
2
3
1
2
3
1
2
3
1
2
3
1
2
3
1
2
3
1
2
3
1
2
3
1
2
3
1
2
3
1
2
3
1
2
3
1
2
3
1
2
3
1
2
3
1
2
3
1
2
3
1
2
3
1
2
3
1
2
3
1
2
3
1
2
3
1
2
3
1
2
3
1
2
3
1
2
3
1
2
3
26
A
Frequencies
Reduced
Force
IR
Coord
1
2
3
1
2
3
1
2
3
1
2
3
1
2
3
1
2
3
1
2
3
1
2
3
1
2
3
1
2
3
1
2
3
1
2
3
1
2
3
1
2
3
1
2
3
1
2
3
1
2
3
1
2
3
1
2
3
1
2
3
1
2
3
1
2
3
1
2
3
1
2
3
1
2
3
1
2
3
1
2
3
1
2
3
1
2
3
1
2
3
31
A
Frequencies
Reduced
Force
IR
Coord
1
2
3
1
2
3
1
2
3
1
2
3
1
2
3
1
2
3
1
2
3
1
2
3
1
2
3
1
2
3
1
2
3
1
2
3
1
2
3
1
2
3
1
2
3
1
2
3
1
2
3
1
2
3
1
2
3
1
2
3
1
2
3
1
2
3
1
2
3
1
2
3
1
2
3
1
2
3
1
2
3
1
2
3
1
2
3
1
2
3
36
A
Frequencies
Reduced
Force
IR
Coord
1
2
3
1
2
3
1
2
3
1
2
3
1
2
3
1
2
3
1
2
3
1
2
3
1
2
3
1
2
3
1
2
3
1
2
3
1
2
3
1
2
3
1
2
3
1
2
3
1
2
3
1
2
3
1
2
3
1
2
3
1
2
3
1
2
3
1
2
3
1
2
3
1
2
3
1
2
3
1
2
3
1
2
3
1
2
3
1
2
3
41
A
Frequencies
Reduced
Force
IR
Coord
1
2
3
1
2
3
1
2
3
1
2
3
1
2
3
1
2
3
1
2
3
1
2
3
1
2
3
1
2
3
1
2
3
1
2
3
1
2
3
1
2
3
1
2
3
1
2
3
1
2
3
1
2
3
1
2
3
1
2
3
1
2
3
1
2
3
1
2
3
1
2
3
1
2
3
1
2
3
1
2
3
1
2
3
1
2
3
1
2
3
46
A
Frequencies
Reduced
Force
IR
Coord
1
2
3
1
2
3
1
2
3
1
2
3
1
2
3
1
2
3
1
2
3
1
2
3
1
2
3
1
2
3
1
2
3
1
2
3
1
2
3
1
2
3
1
2
3
1
2
3
1
2
3
1
2
3
1
2
3
1
2
3
1
2
3
1
2
3
1
2
3
1
2
3
1
2
3
1
2
3
1
2
3
1
2
3
1
2
3
1
2
3
51
A
Frequencies
Reduced
Force
IR
Coord
1
2
3
1
2
3
1
2
3
1
2
3
1
2
3
1
2
3
1
2
3
1
2
3
1
2
3
1
2
3
1
2
3
1
2
3
1
2
3
1
2
3
1
2
3
1
2
3
1
2
3
1
2
3
1
2
3
1
2
3
1
2
3
1
2
3
1
2
3
1
2
3
1
2
3
1
2
3
1
2
3
1
2
3
1
2
3
1
2
3
56
A
Frequencies
Reduced
Force
IR
Coord
1
2
3
1
2
3
1
2
3
1
2
3
1
2
3
1
2
3
1
2
3
1
2
3
1
2
3
1
2
3
1
2
3
1
2
3
1
2
3
1
2
3
1
2
3
1
2
3
1
2
3
1
2
3
1
2
3
1
2
3
1
2
3
1
2
3
1
2
3
1
2
3
1
2
3
1
2
3
1
2
3
1
2
3
1
2
3
1
2
3
61
A
Frequencies
Reduced
Force
IR
Coord
1
2
3
1
2
3
1
2
3
1
2
3
1
2
3
1
2
3
1
2
3
1
2
3
1
2
3
1
2
3
1
2
3
1
2
3
1
2
3
1
2
3
1
2
3
1
2
3
1
2
3
1
2
3
1
2
3
1
2
3
1
2
3
1
2
3
1
2
3
1
2
3
1
2
3
1
2
3
1
2
3
1
2
3
1
2
3
1
2
3
66
A
Frequencies
Reduced
Force
IR
Coord
1
2
3
1
2
3
1
2
3
1
2
3
1
2
3
1
2
3
1
2
3
1
2
3
1
2
3
1
2
3
1
2
3
1
2
3
1
2
3
1
2
3
1
2
3
1
2
3
1
2
3
1
2
3
1
2
3
1
2
3
1
2
3
1
2
3
1
2
3
1
2
3
1
2
3
1
2
3
1
2
3
1
2
3
1
2
3
1
2
3
71
A
Frequencies
Reduced
Force
IR
Coord
1
2
3
1
2
3
1
2
3
1
2
3
1
2
3
1
2
3
1
2
3
1
2
3
1
2
3
1
2
3
1
2
3
1
2
3
1
2
3
1
2
3
1
2
3
1
2
3
1
2
3
1
2
3
1
2
3
1
2
3
1
2
3
1
2
3
1
2
3
1
2
3
1
2
3
1
2
3
1
2
3
1
2
3
1
2
3
1
2
3
76
A
Frequencies
Reduced
Force
IR
Coord
1
2
3
1
2
3
1
2
3
1
2
3
1
2
3
1
2
3
1
2
3
1
2
3
1
2
3
1
2
3
1
2
3
1
2
3
1
2
3
1
2
3
1
2
3
1
2
3
1
2
3
1
2
3
1
2
3
1
2
3
1
2
3
1
2
3
1
2
3
1
2
3
1
2
3
1
2
3
1
2
3
1
2
3
1
2
3
1
2
3
81
A
Frequencies
Reduced
Force
IR
Coord
1
2
3
1
2
3
1
2
3
1
2
3
1
2
3
1
2
3
1
2
3
1
2
3
1
2
3
1
2
3
1
2
3
1
2
3
1
2
3
1
2
3
1
2
3
1
2
3
1
2
3
1
2
3
1
2
3
1
2
3
1
2
3
1
2
3
1
2
3
1
2
3
1
2
3
1
2
3
1
2
3
1
2
3
1
2
3
1
2
3
Harmonic
activities
incident
and
1
A
Frequencies
Red.
Frc
IR
Atom
1
2
3
4
5
6
7
8
9
10
11
12
13
14
15
16
17
18
19
20
21
22
23
24
25
26
27
28
29
30
4
A
Frequencies
Red.
Frc
IR
Atom
1
2
3
4
5
6
7
8
9
10
11
12
13
14
15
16
17
18
19
20
21
22
23
24
25
26
27
28
29
30
7
A
Frequencies
Red.
Frc
IR
Atom
1
2
3
4
5
6
7
8
9
10
11
12
13
14
15
16
17
18
19
20
21
22
23
24
25
26
27
28
29
30
10
A
Frequencies
Red.
Frc
IR
Atom
1
2
3
4
5
6
7
8
9
10
11
12
13
14
15
16
17
18
19
20
21
22
23
24
25
26
27
28
29
30
13
A
Frequencies
Red.
Frc
IR
Atom
1
2
3
4
5
6
7
8
9
10
11
12
13
14
15
16
17
18
19
20
21
22
23
24
25
26
27
28
29
30
16
A
Frequencies
Red.
Frc
IR
Atom
1
2
3
4
5
6
7
8
9
10
11
12
13
14
15
16
17
18
19
20
21
22
23
24
25
26
27
28
29
30
19
A
Frequencies
Red.
Frc
IR
Atom
1
2
3
4
5
6
7
8
9
10
11
12
13
14
15
16
17
18
19
20
21
22
23
24
25
26
27
28
29
30
22
A
Frequencies
Red.
Frc
IR
Atom
1
2
3
4
5
6
7
8
9
10
11
12
13
14
15
16
17
18
19
20
21
22
23
24
25
26
27
28
29
30
25
A
Frequencies
Red.
Frc
IR
Atom
1
2
3
4
5
6
7
8
9
10
11
12
13
14
15
16
17
18
19
20
21
22
23
24
25
26
27
28
29
30
28
A
Frequencies
Red.
Frc
IR
Atom
1
2
3
4
5
6
7
8
9
10
11
12
13
14
15
16
17
18
19
20
21
22
23
24
25
26
27
28
29
30
31
A
Frequencies
Red.
Frc
IR
Atom
1
2
3
4
5
6
7
8
9
10
11
12
13
14
15
16
17
18
19
20
21
22
23
24
25
26
27
28
29
30
34
A
Frequencies
Red.
Frc
IR
Atom
1
2
3
4
5
6
7
8
9
10
11
12
13
14
15
16
17
18
19
20
21
22
23
24
25
26
27
28
29
30
37
A
Frequencies
Red.
Frc
IR
Atom
1
2
3
4
5
6
7
8
9
10
11
12
13
14
15
16
17
18
19
20
21
22
23
24
25
26
27
28
29
30
40
A
Frequencies
Red.
Frc
IR
Atom
1
2
3
4
5
6
7
8
9
10
11
12
13
14
15
16
17
18
19
20
21
22
23
24
25
26
27
28
29
30
43
A
Frequencies
Red.
Frc
IR
Atom
1
2
3
4
5
6
7
8
9
10
11
12
13
14
15
16
17
18
19
20
21
22
23
24
25
26
27
28
29
30
46
A
Frequencies
Red.
Frc
IR
Atom
1
2
3
4
5
6
7
8
9
10
11
12
13
14
15
16
17
18
19
20
21
22
23
24
25
26
27
28
29
30
49
A
Frequencies
Red.
Frc
IR
Atom
1
2
3
4
5
6
7
8
9
10
11
12
13
14
15
16
17
18
19
20
21
22
23
24
25
26
27
28
29
30
52
A
Frequencies
Red.
Frc
IR
Atom
1
2
3
4
5
6
7
8
9
10
11
12
13
14
15
16
17
18
19
20
21
22
23
24
25
26
27
28
29
30
55
A
Frequencies
Red.
Frc
IR
Atom
1
2
3
4
5
6
7
8
9
10
11
12
13
14
15
16
17
18
19
20
21
22
23
24
25
26
27
28
29
30
58
A
Frequencies
Red.
Frc
IR
Atom
1
2
3
4
5
6
7
8
9
10
11
12
13
14
15
16
17
18
19
20
21
22
23
24
25
26
27
28
29
30
61
A
Frequencies
Red.
Frc
IR
Atom
1
2
3
4
5
6
7
8
9
10
11
12
13
14
15
16
17
18
19
20
21
22
23
24
25
26
27
28
29
30
64
A
Frequencies
Red.
Frc
IR
Atom
1
2
3
4
5
6
7
8
9
10
11
12
13
14
15
16
17
18
19
20
21
22
23
24
25
26
27
28
29
30
67
A
Frequencies
Red.
Frc
IR
Atom
1
2
3
4
5
6
7
8
9
10
11
12
13
14
15
16
17
18
19
20
21
22
23
24
25
26
27
28
29
30
70
A
Frequencies
Red.
Frc
IR
Atom
1
2
3
4
5
6
7
8
9
10
11
12
13
14
15
16
17
18
19
20
21
22
23
24
25
26
27
28
29
30
73
A
Frequencies
Red.
Frc
IR
Atom
1
2
3
4
5
6
7
8
9
10
11
12
13
14
15
16
17
18
19
20
21
22
23
24
25
26
27
28
29
30
76
A
Frequencies
Red.
Frc
IR
Atom
1
2
3
4
5
6
7
8
9
10
11
12
13
14
15
16
17
18
19
20
21
22
23
24
25
26
27
28
29
30
79
A
Frequencies
Red.
Frc
IR
Atom
1
2
3
4
5
6
7
8
9
10
11
12
13
14
15
16
17
18
19
20
21
22
23
24
25
26
27
28
29
30
82
A
Frequencies
Red.
Frc
IR
Atom
1
2
3
4
5
6
7
8
9
10
11
12
13
14
15
16
17
18
19
20
21
22
23
24
25
26
27
28
29
30
e
-------------------
-
-------------------
Temperature
Atom
Atom
Atom
Atom
Atom
Atom
Atom
Atom
Atom
Atom
Atom
Atom
Atom
Atom
Atom
Atom
Atom
Atom
Atom
Atom
Atom
Atom
Atom
Atom
Atom
Atom
Atom
Atom
Atom
Atom
Molecular
Principal
1
Eigenvalues
X
Y
Z
This
Rotational
Warning
may
Rotational
Rotational
8
Zero-point
158.83945
Warning
vibrations
Vibrational
(Kelvin)
552.91
857.57
1097.69
1257.41
1478.94
1680.21
1873.13
1981.47
2054.25
2159.46
3921.89
4507.45
4731.56
5941.36
e
Zero-point
Thermal
Thermal
Thermal
Sum
Sum
Sum
Sum
e
E
KCal/Mol
Total
Electronic
Translational
Rotational
Vibrational
Vibration
Vibration
Vibration
Vibration
Vibration
Vibration
Vibration
Vibration
Vibration
Vibration
Vibration
Vibration
Vibration
Vibration
Vibration
Vibration
Q
Total
Total
Vib
Vib
Vib
Vib
Vib
Vib
Vib
Vib
Vib
Vib
Vib
Vib
Vib
Vib
Vib
Vib
Vib
Vib
Vib
Vib
Vib
Vib
Vib
Vib
Vib
Vib
Vib
Vib
Vib
Vib
Vib
Vib
Vib
Vib
Electronic
Translational
Rotational
*****
-------------------------------------------------------------------
Center
Number
-------------------------------------------------------------------
1
2
3
4
5
6
7
8
9
10
11
12
13
14
15
16
17
18
19
20
21
22
23
24
25
26
27
28
29
30
-------------------------------------------------------------------
Cartesian
e
GradGradGradGradGradGradGradGradGradGradGradGradGradGradGradGradGradGrad
Berny
Search
Step
All
Second
ITU=
Eigenvalues
Eigenvalues
Eigenvalues
Eigenvalues
Eigenvalues
Eigenvalues
Eigenvalues
Eigenvalues
Eigenvalues
Eigenvalues
Eigenvalues
Eigenvalues
Eigenvalues
Eigenvalues
Eigenvalues
Eigenvalues
Eigenvalues
Eigenvalue
X23
1
Z23
1
Eigenvalue
Y29
1
X23
1
Eigenvalue
X23
1
Z22
1
Eigenvalue
Y23
1
Z22
1
Eigenvalue
Z16
1
X13
1
Eigenvalue
Z11
1
X23
1
Eigenvalue
X21
1
X3
1
Eigenvalue
Z17
1
Z25
1
Quadratic
Angle
Angle
Linear
B
Rot=
Variable
(Linear)
X1
Y1
Z1
X2
Y2
Z2
X3
Y3
Z3
X4
Y4
Z4
X5
Y5
Z5
X6
Y6
Z6
X7
Y7
Z7
X8
Y8
Z8
X9
Y9
Z9
X10
Y10
Z10
X11
Y11
Z11
X12
Y12
Z12
X13
Y13
Z13
X14
Y14
Z14
X15
Y15
Z15
X16
Y16
Z16
X17
Y17
Z17
X18
Y18
Z18
X19
Y19
Z19
X20
Y20
Z20
X21
Y21
Z21
X22
Y22
Z22
X23
Y23
Z23
X24
Y24
Z24
X25
Y25
Z25
X26
Y26
Z26
X27
Y27
Z27
X28
Y28
Z28
X29
Y29
Z29
X30
Y30
Z30
Item
Maximum
RMS
Maximum
RMS
Predicted
GradGradGradGradGradGradGradGradGradGradGradGradGradGradGradGradGradGrad
e
e
----------------------------------------------------------------------
e
Electric
(Debye
(au)
Tot
x
y
z
e
Dipole
(esu
Alpha(0;0):
(au)
iso
aniso
xx
yx
yy
zx
zy
zz
e
----------------------------------------------------------------------
e
Dipole
6
6
6
6
6
6
6
6
7
8
8
14
1
1
1
1
1
1
1
1
1
1
1
1
1
1
1
1
1
1
e
Electric
(Debye
(au)
Tot
x
y
z
e
Dipole
(esu
Alpha(0;0):
(au)
iso
aniso
xx
yx
yy
zx
zy
zz
e
----------------------------------------------------------------------
1\1\GINC-C4-71\Freq\RPBE1PBE\SVP\C8H18N1O2Si1(1+)\SHUNYANG\24-Feb-2021
\0\\#
ard
1.727939\C,1.581982,4.818911,-2.032341\C,4.434372,5.864382,-1.196611\C
,0.033891,9.733475,-0.680904\C,-0.995888,8.534305,-0.928864\C,1.366379
,9.231578,-0.176234\C,2.085612,8.507905,-1.298389\N,2.218786,10.360531
,0.343645\O,2.775684,9.023328,-2.132757\O,2.016544,7.221051,-1.138695\
Si,2.637182,5.781311,-0.804465\H,-1.84847,8.715875,0.936636\H,-0.55853
,7.446587,0.815793\H,-2.274395,7.078152,0.381697\H,-2.870252,9.639435,
-1.213062\H,-2.7959,7.964507,-1.791485\H,-1.927895,9.494743,-2.605322\
H,1.673469,5.280331,-3.11275\H,0.532702,5.042445,-1.738283\H,1.651633,
3.749803,-2.124376\H,4.828786,6.700222,-1.872053\H,4.45342,5.131706,-1
.912885\H,5.164953,5.712029,-0.361829\H,-0.309195,10.510174,-0.002899\
H,0.109477,10.159318,-1.740676\H,-0.416962,7.823505,-1.450423\H,1.3379
16,8.407907,0.548165\H,2.691062,10.752932,-0.413012\H,3.013927,10.0988
52,0.975132\\Version=ES64L-G16RevA.03\State=1-A\HF=-808.8823693\RMSD=2
.423e-09\RMSF=2.404e-02\ZeroPoint=0.2531268\Thermal=0.2644994\Dipole=2
.0390863,-3.2225507,0.487948\DipoleDeriv=0.0265136,-0.0165983,0.051519
6,-0.0808268,0.0184802,0.0541709,0.0393295,0.0149922,-0.0704801,-0.007
3817,0.0088014,-0.0046391,-0.0718191,0.1448073,0.0288477,-0.0208602,0.
0067394,-0.0206181,-0.3277248,0.2252895,0.1488789,0.0590864,0.1714024,
0.1980763,0.0950725,-0.5944905,-0.337604,-0.2294363,-0.0256142,-0.0940
108,-0.14401,-0.2224225,-0.0868678,0.3468292,-0.5855277,-0.3942315,0.1
035942,-0.235214,-0.09647,-0.120045,0.2003452,0.0134014,0.1346621,-0.2
491393,-0.0428882,0.1670404,0.0519169,-0.0117994,0.1543218,-0.0917563,
-0.0378204,-0.0323631,0.0317454,0.1457389,0.2250969,-0.1660157,0.09417
25,0.1683259,0.1829495,0.0446404,-0.1448764,0.7442698,0.2522396,0.4921
878,0.4163346,-0.3633455,0.2934587,-0.0697904,-0.4046823,-0.385187,-0.
4327919,0.7072741,-0.4613561,0.3160184,0.1312547,0.1862595,-1.4775899,
-0.3978488,0.1656523,-0.81929,-0.4621577,-0.4896081,-0.1590502,0.25360
99,-0.1408753,-0.0978911,0.1338381,0.2568978,0.2500211,-0.5853134,-0.5
15966,-0.0949677,0.0598319,-0.2599736,0.1600522,0.3235549,0.1509999,-0
.5336379,-0.4448828,1.5275139,-0.2545188,0.0663064,-0.0343675,0.667377
8,-0.0463619,-0.4370408,1.811124,1.13701,0.0571801,-0.0111734,0.021703
3,0.0506091,-0.0247193,-0.091969,0.021278,-0.0180682,0.0429833,-0.1526
093,0.0911542,-0.1210075,0.1021063,-0.0201584,0.0484282,-0.0762968,0.0
275069,-0.0101069,0.0044885,-0.0476915,-0.0019979,-0.074216,0.0252025,
0.0064989,-0.0138811,-0.0030941,0.062436,0.0246139,0.0296783,0.0127876
,0.0771923,0.0044875,-0.0486968,0.062098,-0.0778072,0.01226,-0.0292523
,-0.0129548,-0.0315566,-0.1085789,-0.0558315,-0.039028,-0.0359327,0.03
44188,0.071342,0.0350867,-0.037927,0.0501947,-0.0079003,0.03511,0.0878
825,-0.0075703,0.0494962,-0.0412947,0.0991247,-0.2011949,-0.0944334,-0
.044557,-0.1257571,-0.0889576,0.0361428,-0.0113239,0.1352734,0.0046058
,0.0543453,0.0206703,-0.0097163,0.1201442,-0.011203,-0.043356,0.010946
5,0.0775159,0.1139141,-0.0063671,-0.017359,0.0100314,0.0987359,0.01569
01,-0.0364023,-0.0388483,0.0801478,0.0471471,0.089853,-0.0143116,0.146
7589,-0.0233814,-0.0218222,-0.0068659,-0.0187333,0.1293472,-0.0727984,
0.1499348,0.0524236,-0.1276376,0.1643805,0.0146239,-0.0166307,-0.06047
83,0.1039133,0.120098,-0.0881453,-0.0362038,-0.0009167,0.1605503,0.022
8776,-0.0156075,0.0439377,0.1245187,0.0020894,-0.0024176,0.0126135,0.0
233574,0.0250572,-0.0310975,0.0014889,-0.0512695,0.038004,0.037337,-0.
0161743,0.0326336,0.0034008,0.0343481,0.0291335,0.0039972,0.0828194,-0
.0445424,-0.0978271,0.0682015,0.0596352,0.0613771,-0.0505812,-0.035850
8,0.0626276,-0.0278245,-0.0566298,0.0457542,0.0337865,-0.0407893,-0.02
74436,0.0088168,0.1048426,-0.0412806,0.0694842,-0.0071673,0.1635479,-0
.112548,-0.0340408,-0.0644301,0.6593534,0.0718801,0.027252,-0.0741774,
0.0842965,0.0870258,-0.0467416,-0.1062709,-0.0189717,0.3782783,0.14381
91,-0.0901762,0.4190007,0.3136165\Polar=143.6367122,-28.054428,227.537
1722,-2.2582091,22.3363249,107.4219129\Quadrupole=4.2560733,6.1669399,
-10.4230131,-10.032799,2.9295743,2.1967256\PG=C01
mag=8\\0.57101433,0.03486590,0.61341659,0.00246174,0.05876056,0.427298
92,0.00609551,-0.00058120,0.00083487,0.51591965,0.01157193,-0.00645007
,0.01314112,-0.03726785,0.55102976,-0.02467687,0.01475671,-0.02540408,
-0.07671421,-0.09130111,0.61675323,0.00008091,-0.00012787,0.00006317,0
.00005742,-0.00016686,0.00004672,0.41068223,-0.00007446,-0.00023460,-0
.00008700,0.00002795,-0.00047917,-0.00010724,-0.03534825,0.60201731,0.
00004405,0.00022040,0.00004948,-0.00002228,0.00041853,-0.00006915,-0.0
5261054,0.03002359,0.31942923,-0.00004342,0.00005608,0.00002238,-0.000
01501,0.00012589,0.00010912,-0.01352059,-0.00333011,0.00525076,0.38682
049,-0.00013568,-0.00000972,-0.00009766,0.00001748,-0.00019180,0.00006
159,-0.00286418,0.00628591,0.00716767,0.02095979,0.50698107,0.00014156
,0.00016961,0.00011980,0.00007078,0.00053021,-0.00000247,-0.01089328,-
0.00219802,0.00118696,0.06707701,0.13718280,0.55974050,-0.00821898,-0.
00932646,0.00146050,-0.02137887,-0.02209724,-0.00795852,0.00033554,0.0
0092844,-0.00103778,-0.00021402,0.00006319,-0.00100238,0.45446710,-0.0
0874810,-0.01114431,0.00085478,0.00105096,0.00636046,0.00039350,-0.000
40559,-0.00063863,0.00048964,0.00016505,0.00000263,0.00075938,-0.09986
992,0.50190186,0.01782283,0.02002240,0.00398280,-0.00988133,-0.0120665
5,-0.00400013,-0.00004335,0.00067485,-0.00114813,-0.00004910,0.0007584
9,-0.00107750,-0.02606714,0.07282600,0.55809110,-0.08429255,-0.0104415
4,0.02452842,-0.18255761,0.04413027,-0.07028443,-0.00019978,-0.0006327
4,0.00024027,0.00010077,-0.00012847,0.00006710,-0.08715557,-0.00950065
,0.00070456,0.55069451,-0.01300257,-0.08760983,0.02700371,0.04430939,-
0.08638749,0.02445954,0.00024271,0.00106295,-0.00083174,-0.00031302,0.
00032334,-0.00096501,-0.01065868,-0.10569946,-0.00949932,-0.15276931,0
.51430527,0.02330120,0.02379204,-0.14796816,-0.06769303,0.02510562,-0.
12787121,-0.00013093,0.00029585,0.00007321,-0.00017609,-0.00005159,0.0
0002021,-0.00023746,-0.00813553,-0.07641619,-0.04403939,0.07069624,0.5
2588310,0.00160514,0.00027235,0.00084483,-0.00053151,-0.00325925,0.000
40299,0.00087152,0.00219052,-0.00111997,0.00108740,0.00143274,-0.00073
879,-0.17538132,0.05992499,-0.02802602,-0.02203178,0.00186544,-0.00883
522,0.45413989,-0.00075417,0.00035957,-0.00110073,-0.00273828,-0.00430
918,0.00000690,0.00034214,-0.00135967,0.00011106,-0.00016095,-0.000987
68,0.00029013,0.04299946,-0.09492997,0.01922463,-0.01950992,0.01049895
,-0.00759589,-0.02967777,0.54974463,0.00024774,0.00068938,0.00017016,-
0.00070979,-0.00120335,0.00028027,0.00028105,-0.00362081,0.00383374,-0
.00015977,-0.00397210,0.00364735,-0.03867287,0.02483371,-0.08636703,-0
.00404075,-0.00128920,-0.00386194,-0.01380046,-0.11921567,0.50191122,0
.00028975,-0.00056270,-0.00025199,0.00034069,-0.00057359,-0.00084677,0
.00252085,-0.00217098,0.00174282,0.00050554,-0.00208298,0.00255453,-0.
02535945,0.02008186,0.02332263,-0.00095621,0.00290138,0.00159778,-0.10
459656,0.02946528,0.03378923,0.49781308,-0.00033382,-0.00155375,0.0000
5368,0.00051084,0.00023275,-0.00090021,0.00191722,0.01641472,-0.003347
29,-0.00414263,0.01287779,-0.00772538,0.01499227,-0.00229702,-0.008818
87,0.00031317,0.00049894,0.00293388,0.02060198,-0.07504514,-0.01438130
,0.11592036,0.65541609,0.00042625,-0.00071259,-0.00006083,-0.00029186,
-0.00042630,0.00025030,-0.00367810,-0.00286471,-0.00259158,0.00226843,
0.00343974,-0.00159037,0.00394700,0.00633008,0.01559289,0.00069575,0.0
0176684,-0.00006762,0.02359774,-0.02348529,-0.13027388,-0.35439730,-0.
17114303,0.67028571,-0.00035308,-0.00005263,-0.00058900,-0.00071319,-0
.00156974,0.00014318,-0.00087464,-0.00096221,0.00120205,0.00022041,-0.
00019855,0.00150275,-0.02409115,-0.02590415,-0.01507643,-0.00291372,0.
00346954,-0.00235149,-0.08931514,-0.05699236,-0.02925248,0.00140889,0.
00059372,-0.00180000,0.49306324,0.00062924,0.00013298,0.00056802,0.000
29735,0.00128189,-0.00015736,0.00118023,0.00378716,-0.00423249,-0.0000
2403,0.00275675,-0.00444904,-0.00214447,0.00921891,-0.00303138,0.00199
293,-0.00210788,0.00064456,-0.02604907,-0.11827623,0.00678031,-0.00650
937,-0.04980403,-0.02275937,0.14168419,0.30970337,0.00001080,0.0004460
5,-0.00025383,-0.00032496,-0.00029502,0.00012288,0.00088327,0.00233490
,-0.00273858,-0.00016740,0.00145882,-0.00294787,-0.01612645,-0.0127240
6,-0.00485801,-0.00137755,0.00099591,-0.00113053,-0.01277246,0.0094699
9,-0.09848209,-0.01342313,-0.03317411,-0.01718703,-0.01694637,-0.22607
524,0.63252395,-0.00000063,-0.00035163,0.00012220,-0.00003464,-0.00007
329,0.00002641,-0.00015376,-0.00139627,-0.00079181,-0.00087180,0.00008
607,-0.00098469,0.00428914,-0.00179682,-0.00040664,0.00019136,0.000165
26,0.00008204,-0.00439059,-0.01819398,0.03072743,-0.32288257,-0.138400
03,0.30504358,0.00276823,-0.00053500,-0.00116408,0.31723005,0.00017641
,0.00035505,0.00002389,-0.00016045,-0.00034522,0.00015199,0.00079359,-
0.00442587,0.00099131,0.00144529,-0.00276658,0.00274201,0.00129428,-0.
00093003,0.00268551,-0.00020661,0.00043691,-0.00085446,0.00233634,0.00
897474,-0.01435212,-0.16677448,-0.18053955,0.20569859,0.00149889,0.007
82964,0.00086628,0.20174791,0.25404360,-0.00021050,0.00050954,-0.00006
308,0.00017188,0.00030678,-0.00012937,-0.00042282,0.00180900,0.0010712
8,-0.00122808,-0.00010637,0.00055661,-0.00156311,-0.00120679,-0.006682
24,-0.00010579,-0.00084059,0.00010275,0.03320516,0.01132434,-0.0226874
4,0.29982137,0.17755802,-0.44927058,0.00207737,0.00491231,0.00340741,-
0.35733678,-0.25041595,0.47925615,0.00032338,0.00047876,0.00036748,-0.
00047465,0.00135900,0.00097276,0.00089047,-0.00674447,-0.00260602,-0.0
1378781,0.02038122,-0.00563596,-0.00183218,-0.00171911,-0.00294810,-0.
00012493,-0.00287568,-0.00240341,0.01607232,0.01711078,0.00953808,-0.0
3960699,-0.01381006,0.01965728,0.00081102,0.00096218,0.00002913,0.0102
0721,-0.03611228,0.01455423,0.09024687,0.00026316,-0.00021224,0.000056
96,0.00007634,-0.00148553,0.00024882,0.00083322,-0.04846586,0.00459211
,0.00679195,-0.01567236,0.01311954,0.00157068,-0.00508179,0.00093430,-
0.00124508,0.00267136,-0.00121135,0.01269359,-0.05002797,-0.02326773,0
.00487006,-0.30680125,-0.00642744,-0.00364237,0.01844085,0.00837216,-0
.05335804,-0.10298867,0.06798137,-0.09257164,0.77475167,-0.00006138,0.
00085951,0.00001975,0.00010759,0.00093391,0.00012434,0.00038421,-0.007
82471,-0.00829955,0.00773435,0.00814826,0.00265372,0.00122909,-0.00159
239,-0.00466189,-0.00030945,-0.00293247,-0.00060703,0.00762463,-0.0200
0147,0.01220047,0.02139520,-0.00081060,-0.06570929,0.00048789,-0.01135
642,-0.00386735,0.01630448,0.06907696,-0.00248877,-0.01757464,-0.07442
833,0.07374238,-0.00097555,-0.00007751,-0.00095996,-0.00014517,-0.0005
5539,-0.00030199,-0.05575380,-0.02584471,-0.03376709,-0.14522258,-0.01
837967,0.02621790,0.00078476,-0.00037623,-0.00039975,-0.00029580,0.000
94349,0.00066796,0.00144635,0.00051864,0.00045553,-0.00456112,0.016736
03,-0.00550381,-0.00127729,-0.00054143,0.00050569,-0.00491459,-0.00967
602,0.00675827,-0.05948418,0.11540884,-0.03338058,0.32318264,0.0003572
4,0.00010255,0.00052821,-0.00020842,0.00134288,0.00028279,-0.02819964,
-0.05707203,-0.04987022,-0.00268969,-0.02842261,-0.00273888,-0.0014197
9,0.00184856,-0.00127443,0.00131546,-0.00220641,-0.00035427,-0.0070424
7,0.00025526,0.00907149,0.01181226,-0.08005935,0.01278740,0.00363246,-
0.00835982,-0.00663393,0.00699441,0.02092438,-0.00951981,0.10202836,-0
.25212386,0.04766059,-0.07910517,0.40096188,0.00007972,-0.00097965,-0.
00010288,0.00004097,-0.00182688,-0.00015807,-0.01734246,-0.03593445,-0
.04739743,-0.00141467,-0.01404498,-0.02479353,0.00236014,-0.00276571,0
.00345792,-0.00104812,0.00390604,0.00023350,0.00701360,-0.00473332,-0.
01505312,-0.01227831,0.04232536,0.00732148,-0.00432584,0.01664783,0.00
984936,0.00158005,-0.01240097,-0.00056671,-0.01753244,0.01151484,-0.00
780109,0.04102270,0.01290946,0.09611193,-0.07253645,0.07511790,0.04641
082,0.00049042,-0.00059531,-0.00118534,0.00000562,0.00010019,-0.000059
84,-0.00003528,0.00002672,-0.00009516,0.00013188,0.00126038,0.00051361
,-0.00535811,0.00528522,0.00957002,-0.00043586,0.00011549,-0.00010373,
0.00031230,0.00017758,0.00000085,0.00006179,-0.00030869,-0.00014244,0.
00004951,-0.00001194,-0.00006305,-0.00027067,0.00012280,-0.00014631,0.
00038595,-0.00033042,0.00027091,0.07506681,0.07594016,-0.23679591,-0.1
3209367,-0.00089434,0.00057174,0.00046683,0.00002573,-0.00000383,-0.00
001638,0.00003120,0.00003032,0.00002247,-0.00079270,0.00148809,0.00159
284,-0.00455830,0.00677227,0.00902673,0.00000109,0.00001501,-0.0002566
2,0.00014051,-0.00002797,0.00027162,0.00007231,0.00004270,0.00007433,0
.00000352,0.00000205,-0.00010791,0.00003831,0.00007889,-0.00011784,-0.
00029615,-0.00001705,-0.00002307,-0.07756807,0.24716685,0.04664417,-0.
12989318,-0.12034317,0.00086579,-0.00132048,0.00095492,-0.00002214,-0.
00005971,0.00003139,-0.00000069,-0.00002637,-0.00001890,-0.00068273,-0
.00085805,0.00197856,0.01507174,-0.02171506,-0.02527030,-0.00004499,0.
00009887,-0.00010944,-0.00039754,-0.00022486,-0.00027170,-0.00002582,-
0.00002782,0.00001855,0.00000655,0.00004874,0.00010472,0.00015118,-0.0
0000935,0.00021366,0.00015431,0.00009146,-0.00010782,-0.05882032,0.135
02258,0.13921236,-0.20631865,0.06596628,-0.07387625,0.00080953,-0.0003
2790,-0.00042003,-0.00006658,0.00001167,0.00003472,0.00003822,0.000085
94,-0.00005070,-0.00007312,-0.00000662,-0.00059833,0.00438794,-0.00246
818,0.00400862,-0.00179288,-0.00063402,0.00153315,0.00010820,-0.000726
26,-0.00010645,0.00023666,-0.00044838,-0.00003514,-0.00015827,0.000129
91,0.00017168,-0.00012383,-0.00005204,-0.00006585,0.00070910,-0.000064
62,-0.00013469,-0.00637490,0.00032002,-0.00472481,0.22234776,0.0639692
8,-0.07944568,0.02707487,-0.00218936,-0.00129999,0.00282657,0.00004616
,0.00008557,-0.00016095,-0.00004692,-0.00004123,-0.00015818,0.00066530
,-0.00003289,0.00003440,0.01076146,-0.00589889,0.00677024,-0.00026937,
-0.00104487,0.00100744,-0.00018242,0.00024358,0.00028371,0.00014523,0.
00003564,-0.00067134,0.00027170,-0.00000743,-0.00033808,0.00002299,0.0
0015765,-0.00041105,-0.00004862,0.00021312,0.00065709,0.01621064,-0.00
610453,0.01367046,-0.07106538,0.08177044,-0.07418076,0.02809515,-0.078
46695,0.00318978,0.00338411,-0.00593320,-0.00004258,0.00009855,0.00004
105,-0.00009643,0.00002336,-0.00005275,-0.00047508,-0.00023698,0.00051
582,-0.02512999,0.01337003,-0.01748062,0.00017778,0.00043131,-0.000047
32,0.00034670,0.00032518,-0.00053339,-0.00001395,-0.00038523,0.0002142
5,-0.00017699,-0.00007048,0.00034206,-0.00058753,0.00000130,0.00025486
,0.00088159,-0.00062940,0.00008812,0.01553849,-0.00491929,0.00885348,0
.08246461,-0.04053406,0.09356313,-0.19615844,-0.15996196,-0.00322699,0
.00034128,0.00055359,-0.00087402,-0.00002971,-0.00006248,0.00011144,0.
00002948,0.00004362,0.00012400,0.00026927,0.00082644,0.00063949,-0.003
48797,0.00015731,-0.00173070,0.00018439,0.00001835,0.00001983,0.000147
29,-0.00020291,-0.00017012,-0.00015741,0.00010772,0.00018544,-0.000148
95,0.00003292,0.00014878,-0.00002769,0.00000467,0.00025819,-0.00007497
,-0.00027322,-0.00050179,0.00817108,0.00811395,0.00084222,-0.01479785,
-0.01676833,-0.00090753,0.20482222,-0.15819625,-0.20046700,-0.00389334
,-0.00039172,0.00040240,-0.00090620,-0.00000214,-0.00001975,0.00003649
,-0.00000749,-0.00002698,0.00002607,0.00024503,0.00026066,0.00234717,-
0.00161800,-0.00559192,-0.00374241,0.00035602,-0.00013983,0.00003714,-
0.00004321,0.00008014,-0.00002831,-0.00011208,0.00014292,-0.00013838,0
.00002951,-0.00001911,-0.00004760,0.00007270,-0.00001370,-0.00001244,-
0.00001867,0.00011102,-0.00001263,-0.01768310,-0.01302582,0.00042784,0
.01006676,0.00910730,0.00101620,0.16747935,0.20857035,0.00016814,-0.00
021874,-0.04200854,0.00107987,-0.00015863,0.00208787,-0.00001025,0.000
03273,-0.00004749,0.00000134,0.00001367,-0.00001799,0.00043957,0.00122
707,-0.00486602,0.01583056,0.01587881,0.00867497,-0.00058335,0.0004208
1,-0.00023310,0.00000075,0.00003343,0.00002696,0.00015963,-0.00016147,
0.00024185,-0.00008235,-0.00003839,0.00009471,-0.00006944,-0.00010563,
-0.00001799,0.00013238,-0.00002208,0.00004644,-0.01387289,-0.01075948,
-0.00126052,-0.00872701,-0.01017699,-0.00202732,0.00468836,0.00401399,
0.03892943,0.00096566,-0.00090672,0.00121099,-0.15120230,0.11341223,0.
08871468,0.00000943,0.00010930,-0.00003373,-0.00005508,0.00001264,-0.0
0008182,0.00123705,0.00063302,0.00085833,-0.01453858,0.01577796,0.0154
1123,0.00039452,-0.00017833,-0.00009378,0.00044788,0.00008736,0.000050
67,-0.00007676,-0.00016740,-0.00014815,-0.00002729,0.00003857,-0.00003
224,-0.00045704,0.00018445,-0.00018877,0.00021768,-0.00033875,0.000320
09,0.00031440,0.00002043,-0.00085836,0.00015394,-0.00050335,0.00008760
,0.00003644,-0.00007461,-0.00022732,0.16212148,-0.00030416,0.00015298,
-0.00049369,0.11552428,-0.15694222,-0.09151195,0.00001240,-0.00002807,
0.00000203,0.00001866,0.00001279,-0.00001544,-0.00048597,0.00071291,0.
00052066,0.00133180,-0.00487855,-0.00303523,-0.00011936,0.00000315,0.0
0004535,-0.00014212,-0.00015422,0.00002940,0.00004787,-0.00004873,0.00
003657,0.00001578,0.00002879,-0.00001353,0.00008741,0.00008786,0.00001
493,-0.00007888,0.00002581,-0.00001499,0.00030227,-0.00003865,0.000581
67,-0.00042517,0.00027618,0.00006250,0.00007456,-0.00020295,0.00002956
,-0.12282047,0.16732800,-0.00025041,0.00040036,0.00155988,0.09016285,-
0.09104135,-0.11696027,0.00001458,0.00003189,0.00000566,-0.00002051,0.
00001086,-0.00003087,0.00070168,0.00035062,0.00063821,-0.01107829,0.01
414616,0.01113325,0.00011911,0.00007502,0.00000187,0.00019588,0.000162
30,-0.00012354,-0.00001544,-0.00005519,-0.00001903,-0.00000066,-0.0000
0058,0.00005725,-0.00032782,0.00009537,-0.00004007,0.00006785,-0.00017
716,0.00010868,-0.00005101,-0.00035999,-0.00009501,0.00015898,-0.00023
285,0.00025778,0.00010325,0.00003616,-0.00007861,-0.09658350,0.0971132
9,0.12448236,0.00036404,-0.00036809,0.00049112,-0.09174596,-0.07021574
,-0.00449391,-0.00005025,-0.00017178,0.00024538,0.00003545,-0.00001156
,0.00020487,-0.00387432,0.00260881,-0.00283401,-0.01948000,-0.02342963
,-0.00834671,-0.00029626,-0.00143503,-0.00037988,0.00001476,-0.0000328
7,-0.00027263,-0.00070727,0.00039708,-0.00016483,-0.00009140,-0.000056
04,0.00013867,0.00020723,-0.00024627,0.00036211,-0.00009980,0.00010296
,-0.00073753,0.00004997,0.00013423,0.00021128,0.00011890,0.00013280,0.
00048880,0.00049318,0.00028131,-0.00048212,0.00909794,0.01387674,0.002
49769,0.10923996,0.00160079,0.00057351,0.00111323,-0.07240163,-0.17289
913,-0.01137725,0.00000228,0.00002227,0.00003502,-0.00001394,0.0000139
3,0.00001551,0.00077769,0.00132907,0.00078029,0.00210339,0.00205196,0.
00143745,0.00036663,0.00012208,0.00012650,0.00006721,-0.00013252,-0.00
016803,-0.00006020,-0.00000489,-0.00004049,-0.00005784,0.00003485,0.00
005996,-0.00010549,0.00017280,0.00002138,0.00010454,-0.00017738,-0.000
02471,-0.00006997,-0.00016154,0.00011817,0.00017595,0.00035134,0.00012
584,0.00011645,0.00019456,-0.00008364,-0.01153230,-0.01659299,-0.00303
874,0.07854829,0.18747466,-0.00211559,-0.00126586,-0.00097915,-0.00322
002,-0.00744891,-0.05895682,-0.00002974,-0.00006436,0.00007013,0.00002
143,-0.00003413,0.00012278,-0.00259845,0.00153249,-0.00137382,-0.01018
006,-0.01376953,-0.00480331,-0.00067637,-0.00087670,0.00018019,-0.0001
0263,0.00034036,-0.00010260,-0.00024732,0.00024873,-0.00005850,-0.0000
0988,-0.00014666,0.00007836,0.00015186,-0.00036996,0.00018339,-0.00008
248,0.00020395,-0.00036526,0.00002026,0.00000204,0.00008590,0.00044224
,-0.00010293,0.00020245,0.00002719,0.00069639,-0.00051211,-0.00900575,
-0.01264048,-0.00308471,0.01509391,0.01553173,0.05846688,-0.00382731,0
.00148868,-0.00242277,-0.06105841,-0.05063108,0.08126033,-0.00000024,-
0.00001899,-0.00001074,0.00001968,0.00000696,-0.00001051,0.00131294,0.
00120949,-0.00101924,0.00784754,0.01116585,-0.02576122,0.00002751,0.00
005858,0.00028941,-0.00003488,0.00020298,-0.00008282,0.00012817,-0.000
04108,0.00003037,0.00003540,-0.00006866,0.00008190,0.00005541,-0.00017
649,0.00004059,0.00002255,0.00007312,-0.00005089,-0.00017075,-0.000102
54,-0.00011389,0.00013507,0.00077198,-0.00155557,0.00004392,0.00026037
,0.00004981,-0.00472823,-0.00835223,0.01781734,-0.00390262,0.00008467,
0.01169047,0.06306601,0.00236800,0.00022261,0.00067062,-0.04994306,-0.
12582932,0.15559571,0.00001282,0.00005567,-0.00006008,-0.00000222,0.00
001051,-0.00002821,-0.00033075,0.00048467,-0.00100015,-0.00241908,-0.0
0489128,0.00615635,0.00013469,-0.00010683,-0.00001835,-0.00005150,0.00
000683,0.00025299,0.00010525,-0.00006735,-0.00005829,0.00003667,-0.000
01361,-0.00015375,0.00001357,0.00003992,-0.00009999,-0.00004107,-0.000
03046,0.00014802,-0.00002010,0.00011807,0.00039289,-0.00010076,0.00029
095,0.00087351,0.00018966,0.00025027,-0.00042046,0.00557153,0.00904053
,-0.01873978,-0.00020188,-0.00357140,0.01764537,0.04480270,0.12347096,
-0.00420089,0.00149724,-0.00067831,0.07665260,0.15050746,-0.29250923,-
0.00000520,0.00001506,-0.00000501,0.00000529,0.00001740,-0.00000577,0.
00134072,0.00031294,0.00032272,0.00676976,0.00554234,-0.01455078,-0.00
014323,-0.00006399,0.00035863,0.00011676,0.00024649,-0.00003006,0.0000
9745,-0.00005573,0.00003794,-0.00001181,-0.00007799,0.00005559,-0.0001
0295,-0.00012100,-0.00002739,0.00013035,-0.00003253,-0.00000947,0.0000
0699,-0.00010172,0.00058073,0.00016273,0.00088449,-0.00113190,0.000190
59,-0.00000022,0.00005317,0.00423528,0.00812642,-0.01576825,-0.0025144
7,-0.00477837,0.00993776,-0.08182362,-0.16113618,0.31217051,0.00006119
,0.00003551,0.00003841,0.00000613,0.00011431,-0.00006863,-0.04049629,0
.00051806,0.00795091,0.00271246,-0.00141334,0.00195045,-0.00028255,0.0
0012477,-0.00030580,0.00000024,-0.00013054,0.00014828,-0.00046240,0.00
015109,0.00102643,0.00056883,-0.00208030,-0.00017650,0.00037745,-0.001
21124,-0.00077707,-0.00016920,0.00058124,0.00034145,-0.00017643,0.0040
3673,-0.00082861,-0.00389231,0.00033839,-0.01131131,-0.00001527,0.0000
1792,-0.00002335,-0.00005685,-0.00004065,-0.00002345,0.00005680,-0.000
00499,-0.00001141,-0.00000055,-0.00001959,-0.00001279,0.00003072,-0.00
000212,0.00004368,-0.00001224,0.00001683,-0.00001016,0.04770091,-0.000
05323,0.00015315,0.00000863,-0.00001588,0.00018466,0.00000317,-0.00550
024,-0.07339391,0.05212526,0.00133551,0.00026070,0.00096513,-0.0004483
2,0.00020658,-0.00035101,0.00021660,-0.00042465,-0.00005089,-0.0004458
3,0.00009393,0.00115755,0.00031385,-0.00141651,-0.00051487,0.00043890,
-0.00143031,-0.00087603,-0.00024098,0.00022145,0.00080071,0.00017470,0
.00149704,-0.00233102,0.00038986,-0.00097853,-0.00683206,-0.00002362,-
0.00001149,0.00003887,0.00003323,-0.00006929,0.00003310,0.00005414,-0.
00000003,-0.00000995,-0.00003104,0.00000990,0.00000945,0.00009644,0.00
000657,0.00002268,0.00001277,-0.00004886,0.00000156,0.00796376,0.08024
202,-0.00000900,0.00004227,0.00001454,-0.00000619,0.00007006,0.0000443
5,0.01962860,0.06170440,-0.17687542,0.00169486,-0.00051142,0.00043509,
-0.00007160,0.00017608,0.00007784,0.00011875,-0.00019849,-0.00007441,-
0.00040436,-0.00001901,0.00000797,-0.00059111,-0.00288339,0.00087521,0
.00019867,-0.00029479,-0.00024589,0.00040126,0.00055229,-0.00029701,0.
00018831,0.00395168,0.00134247,0.00007326,0.00100869,-0.00882900,-0.00
001718,0.00000264,0.00001352,-0.00000559,-0.00000503,-0.00002529,0.000
00643,-0.00000182,0.00000111,-0.00002687,0.00000779,-0.00001557,0.0000
1411,-0.00001292,0.00001554,0.00000737,0.00000977,-0.00000221,-0.01952
511,-0.06572267,0.18801487,0.00013224,-0.00001789,0.00002983,0.0000139
2,0.00002132,-0.00000178,-0.27602326,0.05231739,0.07076475,-0.00025989
,-0.00199044,-0.00120052,0.00000069,-0.00012210,0.00003483,0.00004563,
0.00006193,-0.00004338,0.00005498,0.00005823,-0.00005479,0.00030384,-0
.00159965,0.00017666,-0.00007453,0.00025540,0.00016348,0.00020714,0.00
053623,-0.00041997,0.00159136,0.00269458,0.00075826,-0.01575617,0.0010
1991,0.00023825,-0.00003752,-0.00002522,-0.00000299,-0.00004995,0.0000
2840,-0.00003956,-0.00007620,-0.00000535,0.00003519,-0.00001131,-0.000
01265,-0.00000796,-0.00005866,-0.00000836,-0.00001183,-0.00000504,-0.0
0001236,-0.00000964,-0.00396810,0.00176969,-0.00004656,0.29505928,0.00
003728,0.00012834,0.00003886,-0.00002514,0.00014918,0.00014598,0.04489
681,-0.05219875,-0.01322128,-0.00200245,-0.00111734,-0.00185786,-0.000
20649,0.00009942,0.00005635,0.00042397,-0.00045715,-0.00039441,-0.0001
5085,-0.00001619,0.00018041,-0.00012768,-0.00119126,0.00001395,0.00008
417,-0.00013507,-0.00008311,0.00023328,0.00033884,-0.00023043,0.000801
42,0.00114257,-0.00007267,-0.00896028,0.00101313,0.00365861,-0.0000547
5,0.00001329,0.00003921,-0.00001699,-0.00002691,-0.00009959,0.00002439
,0.00001008,-0.00001673,-0.00006434,0.00003517,-0.00002636,0.00005295,
-0.00002232,0.00000230,0.00000939,-0.00001295,-0.00001618,-0.01203538,
0.00136294,0.00362277,-0.05338863,0.05498658,0.00013580,0.00002073,0.0
0013464,0.00003935,0.00002065,-0.00005913,0.06260064,-0.01300349,-0.05
396778,-0.00160503,-0.00384941,-0.00088232,0.00000981,-0.00009675,-0.0
0004790,-0.00011608,0.00007512,0.00013722,0.00008636,0.00002333,0.0000
2676,0.00034467,-0.00043732,-0.00006551,-0.00004366,0.00018796,0.00008
818,0.00014852,0.00031947,-0.00027951,0.00014726,0.00182792,0.00050632
,-0.01571524,0.00258766,0.00057691,-0.00002563,0.00006346,-0.00006668,
-0.00016914,-0.00002009,-0.00013336,0.00008250,-0.00001747,-0.00001188
,0.00000209,-0.00002160,-0.00001418,-0.00004086,-0.00001505,0.00003495
,-0.00001767,0.00004338,-0.00002661,0.02351662,-0.00358885,-0.00688055
,-0.07080009,0.01544016,0.06247868,-0.00000837,0.00004194,-0.00001218,
-0.00000380,0.00003060,0.00004093,-0.03084839,0.01853314,0.00428232,0.
00018523,0.00038001,-0.00022731,-0.00000408,0.00005831,0.00010744,0.00
011449,-0.00011042,-0.00009559,0.00004010,-0.00030494,-0.00038377,-0.0
0037225,0.00136156,-0.00010448,0.00006000,0.00016164,0.00007245,-0.000
10840,-0.00051249,0.00021478,0.00083788,-0.00515563,-0.00059541,-0.001
94524,-0.01110268,-0.00165423,-0.00001068,0.00000086,0.00001173,0.0000
0864,-0.00001292,-0.00001502,0.00000931,0.00000061,-0.00000021,-0.0000
1619,0.00000799,-0.00000911,0.00001094,-0.00000607,0.00000099,0.000002
34,-0.00000165,-0.00000156,-0.00023898,-0.00520444,-0.00072840,-0.0010
2478,0.03060764,0.00190224,0.03420579,0.00000186,-0.00000660,0.0000054
6,0.00000014,-0.00001968,0.00000325,0.02793735,-0.38806127,-0.02670485
,0.00013531,-0.00004836,-0.00015446,0.00005596,-0.00003911,0.00003620,
-0.00002444,0.00004264,0.00000002,0.00009772,-0.00007658,-0.00017566,-
0.00014776,0.00088140,-0.00020093,-0.00005527,0.00023430,0.00013847,-0
.00003060,-0.00013379,0.00001174,-0.00007570,-0.00069175,-0.00039142,0
.00135340,-0.00281867,0.00112195,0.00000151,0.00000670,-0.00000412,-0.
00000959,0.00000318,-0.00000804,0.00000282,-0.00000252,-0.00000265,0.0
0000179,0.00000244,0.00000134,-0.00000472,-0.00000218,-0.00000387,0.00
000016,0.00000338,-0.00000107,0.00142807,-0.00753485,-0.00227936,-0.00
152351,-0.00375508,0.00055554,-0.02886763,0.40205689,-0.00006768,0.000
03203,-0.00003640,-0.00000144,0.00000195,0.00000682,0.00403889,-0.0314
2616,-0.03422085,0.00064119,0.00045493,0.00040495,0.00003741,0.0001140
4,0.00016047,0.00001085,-0.00005040,-0.00001338,-0.00005928,-0.0003031
1,-0.00076471,-0.00140506,0.00214069,0.00081564,0.00014104,0.00023690,
0.00010002,-0.00000322,-0.00101307,0.00048712,0.00030586,-0.00626728,0
.00106364,0.00189489,-0.00934408,-0.00592607,0.00001225,-0.00000240,0.
00000950,0.00002778,-0.00001912,0.00003435,0.00002233,-0.00001141,0.00
000911,-0.00000214,0.00000193,0.00000498,0.00001321,0.00000180,0.00000
160,0.00000770,-0.00000759,0.00000561,-0.00197042,0.02470058,0.0022510
9,0.00055764,-0.00729499,-0.00101340,-0.00333268,0.02789676,0.03627691
,-0.00003696,-0.00001061,-0.00003764,-0.00001051,-0.00011630,0.0000028
5,0.00009329,0.00194738,0.00182305,-0.06363287,-0.06122481,0.04024548,
0.00013627,-0.00015454,0.00025035,-0.00004825,0.00019606,-0.00001526,0
.00037395,-0.00008846,-0.00146856,-0.00280032,0.00294504,0.00218789,-0
.00024675,0.00118845,0.00070554,0.00163622,-0.00124375,-0.00088233,0.0
0429023,-0.00321360,0.00081637,-0.00877108,-0.01312085,0.00206794,0.00
001990,0.00000053,-0.00000205,0.00002732,0.00000542,0.00001818,-0.0000
0115,-0.00000773,0.00000204,0.00002104,0.00000294,0.00000612,-0.000024
05,0.00000592,-0.00002545,-0.00000367,0.00000663,0.00000197,-0.0007739
7,-0.00018038,-0.00029358,-0.00055549,-0.00017768,-0.00099897,0.000018
47,-0.00003890,-0.00012098,0.06279898,0.00003860,0.00002348,0.00002939
,0.00001625,0.00012544,-0.00002623,-0.00126933,-0.00063630,0.00017596,
-0.05123857,-0.15849834,0.08424379,-0.00018677,0.00015378,-0.00037425,
0.00002586,-0.00020320,0.00005821,-0.00062270,0.00035322,0.00187241,0.
00253540,-0.00145628,-0.00236400,0.00024632,-0.00170965,-0.00095531,-0
.00163897,0.00035046,0.00100154,-0.00115978,0.00236651,-0.00166547,0.0
0577413,0.00241457,-0.00118579,-0.00001854,-0.00000456,-0.00000215,-0.
00002392,-0.00002559,0.00000377,0.00001572,0.00000966,-0.00000292,-0.0
0001225,-0.00000861,-0.00000637,0.00003797,0.00000171,0.00003204,-0.00
000293,-0.00000493,-0.00000065,0.00043261,0.00023810,-0.00003314,0.000
11073,-0.00007527,-0.00001808,0.00018930,0.00006404,0.00017278,0.05747
732,0.18300256,0.00001881,0.00000700,0.00001609,-0.00000282,0.00004626
,0.00000356,-0.00098629,0.00027177,-0.00020893,0.03555848,0.09361175,-
0.11128205,-0.00009372,0.00007658,-0.00007784,0.00003221,-0.00008494,0
.00000263,0.00006114,-0.00002418,0.00030874,0.00054024,-0.00177127,0.0
0047536,0.00008836,-0.00039863,-0.00030862,-0.00026200,0.00042297,-0.0
0063796,-0.00176366,0.00192210,-0.00023573,0.00180596,0.00058392,-0.00
258081,-0.00000832,0.00000438,-0.00000084,-0.00001727,-0.00000010,-0.0
0001727,0.00000549,0.00000122,-0.00000346,-0.00000907,0.00000043,-0.00
000546,0.00001203,-0.00000502,0.00001082,0.00000048,0.00000390,-0.0000
0264,-0.00014764,-0.00004227,-0.00003197,-0.00013869,-0.00002079,-0.00
028049,0.00015511,0.00007707,0.00013532,-0.03646531,-0.09616772,0.1137
6900,0.00000987,-0.00004590,0.00000182,-0.00002311,-0.00012282,-0.0000
2005,0.00440602,-0.00055561,-0.00247557,-0.00345173,0.02003615,0.01221
687,0.00034519,-0.00027730,0.00014939,0.00000021,0.00022198,-0.0000027
9,-0.00025872,0.00022863,-0.00007924,-0.00107916,-0.00174074,-0.000552
42,-0.00038771,0.00080723,0.00065896,0.00098215,0.00010405,-0.00023360
,-0.00351158,0.00211637,-0.00367494,-0.01158936,0.01658979,0.02106951,
0.00002057,-0.00001267,0.00001361,-0.00001840,0.00005857,0.00000813,-0
.00004708,-0.00000023,-0.00000301,0.00002499,0.00000227,0.00000994,-0.
00005722,-0.00000607,-0.00003312,-0.00000148,0.00000308,-0.00000648,-0
.00106526,-0.00065772,-0.00039308,0.00087926,0.00069186,0.00110781,-0.
00065577,-0.00018918,-0.00065656,0.00163295,-0.00844710,-0.00394244,0.
01159849,-0.00000188,-0.00002357,0.00000427,-0.00000116,-0.00006161,0.
00001303,-0.00135793,-0.00022475,-0.00040224,0.00770463,-0.27192700,-0
.25167521,0.00012624,-0.00007675,0.00017062,-0.00000655,0.00010263,-0.
00002917,0.00011538,-0.00009748,-0.00063457,-0.00078403,0.00062500,-0.
00000815,-0.00016553,0.00075263,0.00045027,0.00053083,-0.00000172,-0.0
0002065,0.00112530,-0.00057544,0.00038319,0.00060621,-0.00148542,-0.00
102465,0.00000596,0.00000637,0.00000011,-0.00000308,0.00002021,-0.0000
1665,-0.00001276,-0.00000435,-0.00000189,0.00000369,0.00000672,0.00000
557,-0.00002317,-0.00000563,-0.00001592,0.00000348,0.00000134,-0.00000
113,0.00022048,-0.00006775,0.00028378,0.00013532,-0.00019105,0.0001613
6,-0.00021385,-0.00002617,-0.00011345,-0.00084754,-0.02444978,-0.01511
058,-0.00761875,0.29089936,0.00002125,0.00000620,0.00001659,0.00000681
,0.00002413,0.00000274,-0.00284534,0.00034267,0.00062062,0.00401843,-0
.25259443,-0.24666597,-0.00003594,0.00003110,-0.00006710,0.00000054,-0
.00004972,0.00000140,-0.00002740,0.00004936,0.00032543,0.00022181,-0.0
0083133,-0.00011366,0.00004173,-0.00026158,-0.00016079,-0.00006837,0.0
0023624,-0.00016819,-0.00019381,0.00133908,-0.00087463,0.00432641,-0.0
0714056,-0.00509558,-0.00000715,0.00000700,-0.00000378,-0.00002021,-0.
00000758,-0.00001274,0.00001219,0.00000009,-0.00000438,-0.00000574,0.0
0000064,-0.00000247,0.00001144,-0.00000116,0.00000818,-0.00000073,0.00
000407,-0.00000314,-0.00007658,0.00009148,0.00010841,-0.00015322,-0.00
032056,-0.00054063,0.00024708,0.00010100,0.00020441,0.00113908,0.01456
559,0.00895307,-0.01118969,0.25929348,0.25244592,0.00002938,0.00004326
,0.00002893,0.00000366,0.00009991,-0.00000241,-0.00200447,0.00019370,0
.00119067,-0.15045575,0.02494047,-0.13100946,-0.00015474,0.00009791,-0
.00023709,0.00003679,-0.00020195,-0.00000834,-0.00023222,0.00018466,0.
00089533,0.00010661,-0.00273814,-0.00024641,0.00025383,-0.00094001,-0.
00054450,0.00013914,0.00064536,-0.00015995,-0.00204730,0.00429242,-0.0
0098744,-0.01246065,-0.00039519,-0.00947021,-0.00001845,0.00000405,0.0
0000159,-0.00001262,-0.00002983,-0.00001397,0.00002536,0.00000491,-0.0
0000837,-0.00001308,-0.00000142,-0.00000569,0.00004141,0.00000230,0.00
002037,-0.00000284,-0.00000627,-0.00000359,0.00015285,0.00019152,-0.00
016795,-0.00044857,-0.00047705,-0.00062783,-0.00020258,-0.00005331,-0.
00005677,0.00573581,-0.00224216,0.00551460,0.00217901,0.00043854,0.004
58300,0.15942661,-0.00000310,-0.00001413,-0.00000168,0.00000118,-0.000
02557,-0.00000064,-0.00192873,-0.00012956,0.00004942,0.02478822,-0.048
59194,0.02886174,0.00002735,-0.00002793,0.00000486,-0.00000792,0.00005
000,0.00000354,-0.00003501,0.00005902,-0.00001466,0.00021301,0.0008630
5,-0.00019739,-0.00012312,0.00003762,0.00002495,0.00000236,-0.00030477
,0.00005807,0.00206388,-0.00157600,-0.00019819,0.00246990,-0.00228296,
0.00007473,0.00000556,0.00000047,-0.00000087,-0.00000063,0.00000713,-0
.00000088,-0.00000455,-0.00000079,-0.00000144,0.00000410,0.00000131,0.
00000181,-0.00000863,-0.00000148,-0.00000453,0.00000007,0.00000279,0.0
0000071,0.00026928,0.00001950,0.00017987,-0.00010607,-0.00020147,-0.00
006690,0.00012568,0.00004316,0.00003318,0.01733091,-0.00291286,0.01637
748,-0.02054234,0.00722913,-0.01499701,-0.02463482,0.04788830,-0.00000
297,-0.00001728,-0.00001402,0.00000198,-0.00003550,-0.00001076,0.00149
274,0.00056549,-0.00023905,-0.11961343,0.02338740,-0.18101917,0.000049
57,-0.00002931,0.00006175,-0.00002179,0.00007812,0.00002022,-0.0000127
5,-0.00009946,-0.00028226,0.00012058,0.00169453,-0.00022529,-0.0000658
5,0.00023042,0.00012153,-0.00011230,-0.00038601,0.00023305,0.00217837,
-0.00302044,0.00019188,0.00495765,-0.00086305,0.00521011,0.00000977,-0
.00000607,-0.00000043,-0.00000064,0.00001149,0.00001409,-0.00000937,-0
.00000031,0.00000345,0.00000893,-0.00000254,0.00000299,-0.00001439,0.0
0000085,-0.00000557,-0.00000135,0.00000353,0.00000037,-0.00012967,-0.0
0014774,0.00000701,0.00025561,0.00019909,0.00026307,0.00008773,0.00001
862,0.00000928,-0.00863672,0.00022455,-0.00808456,-0.01161021,0.008511
50,-0.00903758,0.13103566,-0.03014054,0.19282473,0.00127722,0.00060153
,-0.00097262,0.00137157,0.00018541,0.00031471,0.00012844,0.00009336,0.
00006551,-0.00005542,0.00007711,-0.00006081,-0.07188903,0.07029655,0.0
6203059,0.00934496,-0.01341006,-0.01330998,-0.01688246,0.02156782,0.01
777032,-0.00401494,-0.00126958,-0.00583900,0.00321196,-0.00016023,0.00
068662,-0.00009498,0.00007495,0.00203239,0.00031238,0.00295096,0.00111
125,0.00022238,-0.00122298,0.00031216,-0.00008429,0.00052631,0.0005042
4,-0.00002980,0.00000548,0.00006064,-0.00006883,0.00019265,0.00001858,
-0.00034174,0.00037230,0.00019795,-0.00008017,0.00022032,0.00024936,-0
.00007672,-0.00000918,0.00000319,-0.00002878,0.00003179,-0.00006005,-0
.00000673,0.00006971,0.00000020,0.00002141,0.00000547,-0.00002057,0.00
006922,-0.00003295,-0.00003123,0.00001261,0.00000346,-0.00000129,0.000
00018,0.00001229,0.00000708,0.08092358,0.00150074,0.00124556,-0.000648
44,0.00037754,0.00055032,0.00058932,0.00001430,0.00000160,-0.00008676,
0.00003314,0.00007479,-0.00006933,0.07512398,-0.19847238,-0.13934604,0
.00890608,-0.01310343,-0.01118502,0.00459677,-0.00780035,-0.00785885,0
.00078561,-0.00090772,0.00175540,-0.00173108,0.00073821,-0.00012186,-0
.00016697,0.00028098,-0.00028515,0.00008385,0.00008408,-0.00027444,-0.
00010273,-0.00011061,0.00013120,-0.00066963,-0.00010518,0.00082045,-0.
00006687,-0.00006284,-0.00002710,-0.00012346,0.00040620,0.00008615,-0.
00038242,0.00032887,-0.00020035,-0.00005237,0.00013947,0.00016695,-0.0
0014739,0.00000288,-0.00000687,-0.00004216,-0.00002290,0.00001906,-0.0
0000314,0.00005644,-0.00001736,0.00002455,0.00000446,0.00001350,0.0000
3032,-0.00004284,-0.00000690,0.00000459,0.00001806,-0.00000439,-0.0000
1336,0.00000019,0.00000081,-0.07915097,0.20916086,-0.00063490,0.000805
12,0.00069151,0.00012474,-0.00018928,-0.00007509,0.00004490,0.00002728
,0.00003327,-0.00001275,0.00000243,0.00001150,0.06660922,-0.14061876,-
0.16761605,0.00012770,0.00128657,-0.00039003,-0.00755893,0.00900357,0.
00731793,-0.00175560,-0.00046733,-0.00286693,0.00049961,0.00043996,0.0
0009654,-0.00018096,-0.00030914,0.00178087,0.00055204,0.00074688,0.000
34842,0.00001707,-0.00026934,0.00006075,-0.00007107,-0.00045295,0.0003
7983,-0.00002252,0.00001166,0.00003958,-0.00004397,-0.00003354,-0.0000
0726,-0.00031176,-0.00011993,0.00001528,-0.00017015,0.00011085,0.00009
705,0.00016098,-0.00013245,-0.00002496,0.00000068,0.00002287,-0.000020
38,0.00000196,0.00000731,0.00000562,-0.00000509,0.00000438,-0.00000645
,0.00000347,0.00000479,-0.00001081,0.00000253,0.00000044,0.00000019,0.
00000375,0.00000032,-0.00000004,-0.06552209,0.14811900,0.17254084,-0.0
0305094,-0.00343711,-0.00125381,0.00002150,-0.00087196,0.00210587,-0.0
0002474,-0.00002012,0.00000307,0.00001499,0.00003777,0.00003959,-0.051
96953,-0.00222811,0.01760282,-0.00606161,-0.01029490,0.01731037,0.0020
1333,0.01417585,-0.02436681,0.00199082,0.00162316,-0.00309794,0.000600
86,-0.00042016,0.00104561,0.00004297,-0.00081784,0.00075880,-0.0003815
9,-0.00028325,-0.00010168,-0.00010337,-0.00000066,0.00003653,0.0001631
7,0.00002083,-0.00062555,0.00016404,-0.00000519,-0.00012518,0.00005202
,-0.00070067,0.00112781,-0.00007964,0.00005031,0.00000381,0.00027416,0
.00020425,-0.00009650,-0.00019629,0.00022160,-0.00095312,0.00002007,0.
00001877,0.00001173,-0.00000023,0.00000201,0.00001538,0.00000129,-0.00
000285,0.00000833,-0.00002434,0.00001950,-0.00000217,-0.00002510,-0.00
000377,0.00000013,-0.00000166,-0.00000817,-0.00000303,-0.00136047,-0.0
0503037,0.00809311,0.06235327,-0.00262072,-0.00315126,-0.00199812,0.00
107797,0.00121671,0.00059485,0.00001640,0.00007770,-0.00002461,-0.0000
2679,0.00000745,-0.00003356,-0.00056884,-0.07528335,0.06095601,-0.0083
6855,-0.01335870,0.02086233,-0.00012093,-0.00759784,0.00779033,-0.0005
9814,-0.00102989,0.00257853,-0.00020742,0.00016817,-0.00025337,0.00006
980,0.00031478,-0.00074898,0.00016095,0.00035497,-0.00028524,0.0000052
0,-0.00010505,0.00020931,-0.00009106,0.00017250,-0.00028078,0.00024075
,0.00012843,-0.00027446,-0.00019669,-0.00033076,0.00120442,0.00000034,
0.00004322,-0.00017821,0.00058777,-0.00002020,-0.00001004,-0.00047024,
0.00048188,-0.00056996,0.00000627,-0.00004958,-0.00001047,-0.00000776,
-0.00001507,0.00003015,-0.00000177,0.00000598,-0.00000956,0.00002496,-
0.00001314,0.00000196,0.00000789,0.00000023,0.00000125,-0.00000569,0.0
0000782,0.00000662,0.00164894,0.01002794,-0.01844171,0.00637322,0.0872
9646,-0.00045248,-0.00026266,0.00054518,-0.00105169,-0.00164726,0.0013
2363,-0.00001784,-0.00002358,0.00005808,0.00000743,0.00000040,0.000067
79,0.01584568,0.06309177,-0.21771017,-0.00003462,0.00003789,-0.0001083
1,0.00160734,0.00378275,-0.00576155,0.00093565,-0.00042337,-0.00084330
,-0.00041637,-0.00036027,0.00057402,-0.00050448,-0.00065873,0.00109161
,-0.00009037,0.00000060,0.00013783,0.00006035,-0.00000973,-0.00014393,
-0.00022946,0.00008165,0.00027630,0.00001246,-0.00010126,-0.00002827,-
0.00008635,0.00007071,0.00028337,-0.00000452,0.00014517,-0.00015321,-0
.00011647,-0.00009478,0.00024417,0.00059372,0.00016658,0.00022070,0.00
001552,0.00002421,-0.00000165,-0.00000418,-0.00001125,-0.00001076,-0.0
0000061,-0.00000328,0.00000080,-0.00001241,0.00002582,0.00000158,-0.00
002727,-0.00001157,0.00000080,0.00000894,-0.00000086,-0.00000378,0.001
30512,0.00920399,-0.01338207,-0.01586426,-0.07253055,0.23224437,-0.005
06975,0.00638842,0.00553492,-0.01534800,0.01730889,0.01347584,0.000051
75,0.00021869,-0.00018326,-0.00002697,0.00005173,-0.00001868,0.0075215
4,-0.01898105,-0.01275677,-0.14445858,0.14163240,0.10387080,0.00068964
,-0.00039027,-0.00065225,-0.00140718,-0.00035396,0.00038371,0.00026896
,0.00006997,0.00006126,-0.00005426,-0.00000734,-0.00013252,-0.00311091
,0.00083505,-0.00053391,-0.00015339,0.00023002,0.00030484,0.00023874,-
0.00126212,0.00187277,0.00102626,-0.00056334,-0.00050196,-0.00014845,0
.00017161,-0.00006791,-0.00348174,0.00098341,-0.00369427,0.00067813,-0
.00008531,0.00072957,0.00113408,-0.00031440,-0.00014977,0.00002248,-0.
00012697,-0.00002285,0.00006663,-0.00021142,0.00008194,-0.00007692,-0.
00000158,-0.00002860,0.00000194,0.00000046,-0.00000835,-0.00001342,0.0
0000674,-0.00000115,-0.00002548,0.00000354,0.00001191,-0.00260559,-0.0
0326709,-0.00035847,0.00071869,0.00084598,0.00002739,0.16351541,-0.008
14254,0.01045496,0.01088921,0.00381653,-0.00599351,-0.00441456,0.00003
060,-0.00027903,0.00004911,0.00010358,-0.00020507,0.00011886,0.0096600
7,-0.02155421,-0.01503936,0.14181577,-0.20705869,-0.13064124,0.0010928
4,0.00069832,-0.00028238,-0.00228191,-0.00023997,-0.00093788,-0.000157
77,0.00048040,0.00041464,-0.00000206,-0.00010880,0.00042911,0.00260886
,-0.00106107,0.00110080,-0.00015020,0.00122456,-0.00062216,-0.00137516
,-0.00010588,0.00308155,-0.00019138,0.00075768,-0.00064073,-0.00007083
,0.00027651,-0.00058253,0.00111948,0.00082925,0.00163212,-0.00038807,0
.00103350,0.00045424,-0.00021577,-0.00006078,-0.00015702,-0.00002686,0
.00009066,0.00005763,0.00001025,0.00001210,-0.00009473,-0.00000209,-0.
00000789,0.00000626,-0.00007767,0.00003389,0.00001947,0.00001415,-0.00
001016,-0.00000360,0.00003304,-0.00001808,-0.00002444,-0.00388085,-0.0
0282984,0.00049846,0.00051109,0.00038937,0.00024407,-0.14358818,0.2232
4218,0.01533586,-0.01766535,-0.01831507,-0.01351524,0.01506283,0.01032
531,0.00002839,-0.00028999,-0.00002682,0.00015721,-0.00008119,0.000101
03,0.00253160,-0.00562224,-0.00360836,0.10312564,-0.12955406,-0.126024
37,0.00062923,-0.00027429,0.00013373,-0.00159958,-0.00144940,0.0004817
4,-0.00004016,0.00048222,0.00016199,0.00013241,0.00023584,-0.00021772,
0.00189059,-0.00009431,0.00055492,-0.00089519,0.00111236,-0.00050540,0
.00234694,0.00271952,-0.00518127,-0.00029223,-0.00020555,0.00087868,0.
00011058,0.00021557,0.00057810,-0.00338923,0.00115009,-0.00194021,0.00
096481,0.00017138,0.00058298,0.00089158,-0.00008717,0.00096839,0.00002
056,-0.00002675,0.00004016,0.00005350,0.00025599,0.00010146,0.00003684
,0.00000486,-0.00004267,-0.00003510,0.00000021,0.00002590,-0.00000545,
0.00000506,0.00001148,0.00003345,-0.00000852,-0.00002462,-0.00086223,-
0.00095084,0.00061408,-0.00030961,0.00033993,0.00047417,-0.10727074,0.
13464761,0.14014300,-0.00148469,0.00072885,-0.00079930,0.00003784,-0.0
0010266,0.00022654,-0.00010776,-0.00008232,0.00000476,-0.00004958,-0.0
0020106,-0.00000453,0.00412483,0.01655498,-0.02224275,0.00198782,0.000
41919,0.00041560,-0.04454468,-0.00489166,0.00091710,-0.00170813,-0.008
30298,0.01775442,-0.00512646,-0.01362881,0.01343870,-0.00253770,0.0016
4669,0.00207328,-0.00006851,-0.00142682,0.00062967,0.00023269,0.001563
35,0.00001227,-0.00005200,0.00005717,0.00000266,-0.00041506,-0.0013321
6,0.00068188,0.00051040,-0.00030115,0.00040714,0.00004761,0.00004753,0
.00000181,-0.00005337,-0.00004367,0.00000678,0.00017321,-0.00001732,0.
00022380,-0.00000155,-0.00002287,0.00003761,-0.00001181,-0.00002385,-0
.00005362,-0.00001037,-0.00001446,0.00000202,-0.00002068,-0.00000534,0
.00004281,0.00003199,0.00000784,0.00000156,-0.00000681,0.00002096,0.00
000340,0.00047997,0.00002839,0.00048776,-0.00468240,0.00234123,-0.0007
9423,-0.00004741,-0.00032650,-0.00013155,0.05372204,-0.00070468,-0.000
05842,-0.00012306,-0.00001656,-0.00004939,0.00003979,-0.00014651,-0.00
032665,0.00023674,0.00001376,-0.00024371,0.00033315,0.00046299,-0.0038
1499,0.00781156,-0.00097273,-0.00047295,-0.00026235,-0.01055469,-0.194
11570,0.14057770,0.00096195,0.00647597,-0.00889627,-0.00669019,-0.0157
8784,0.01569653,0.00332422,-0.00045719,-0.00170489,0.00327850,-0.00497
751,-0.00645408,0.00047542,0.00074840,-0.00208651,0.00000141,-0.000066
32,-0.00000022,-0.00063058,0.00045792,-0.00005669,-0.00002466,0.000044
21,-0.00023046,-0.00001860,-0.00003729,-0.00000188,0.00004434,0.000077
48,-0.00000805,0.00003483,0.00008911,-0.00008829,0.00008721,0.00010724
,0.00005824,-0.00003165,0.00000821,-0.00000284,-0.00001572,-0.00000397
,0.00002688,-0.00014570,0.00016107,0.00003429,-0.00005279,-0.00006007,
0.00001808,0.00005432,0.00000497,-0.00000719,-0.00009756,0.00010221,-0
.00012199,0.00111041,-0.00006433,-0.00068773,0.00022142,0.00012193,0.0
0000910,0.01133297,0.21468891,0.00006657,0.00010917,0.00005649,0.00011
983,-0.00027202,-0.00017151,-0.00003746,-0.00010315,0.00038748,-0.0000
8371,-0.00016139,0.00019909,-0.00166920,0.00190472,-0.00556892,0.00047
368,0.00157879,0.00020696,0.00751442,0.13329977,-0.17277521,0.00425897
,0.02434747,-0.02774500,-0.00277535,-0.01203613,0.01100933,0.00581299,
-0.00400600,-0.00377869,-0.00047258,-0.00029118,0.00230440,0.00125121,
-0.00167530,-0.00072828,0.00012373,-0.00011314,0.00000208,0.00029183,-
0.00026309,0.00060940,0.00007136,-0.00012230,0.00010839,0.00005800,0.0
0000563,0.00006022,-0.00010534,-0.00004303,-0.00002549,-0.00003305,-0.
00006517,0.00008617,0.00008095,0.00019238,-0.00002860,-0.00005985,-0.0
0001156,-0.00004541,0.00000046,-0.00000195,0.00001412,-0.00012443,0.00
017604,-0.00000429,-0.00002850,-0.00007740,0.00001326,0.00004450,-0.00
001265,0.00000336,-0.00023884,-0.00013710,0.00032190,-0.00131692,0.001
04589,0.00079654,-0.00005731,-0.00011406,-0.00024006,-0.01256499,-0.14
113979,0.19487367,0.00022561,0.00010897,0.00014210,-0.00003119,0.00006
413,-0.00001875,-0.00000304,0.00011531,-0.00012356,-0.00001493,-0.0000
2121,-0.00020857,0.00022306,-0.00018491,0.00020154,-0.00044120,-0.0002
0539,-0.00058334,-0.00858847,-0.00480999,0.01844284,0.00114002,-0.0020
4627,-0.00006353,-0.15678267,-0.14159704,0.21093619,-0.00060557,0.0021
3436,-0.00014551,0.00037315,0.00060967,-0.00101839,-0.00000992,0.00014
849,0.00086137,-0.00004514,-0.00000521,0.00001067,-0.00010212,0.000085
15,-0.00008872,0.00000576,0.00005187,-0.00008195,-0.00003882,-0.000018
41,-0.00000018,0.00002733,0.00001448,0.00001232,-0.00001784,-0.0000196
1,-0.00003509,-0.00002908,-0.00005233,0.00000745,0.00001776,-0.0000135
9,0.00000359,0.00000118,0.00001086,-0.00000056,0.00003509,-0.00000829,
0.00003316,0.00003936,0.00000749,-0.00000138,-0.00003152,0.00002238,0.
00000029,-0.00026033,-0.00022965,0.00007692,-0.00050522,-0.00011948,-0
.00061525,0.00006634,0.00014005,0.00008219,-0.00099358,-0.00123772,-0.
00094531,0.15600607,-0.00013874,-0.00011820,-0.00018752,-0.00007434,-0
.00017926,-0.00002077,-0.00058115,-0.00101558,0.00131218,0.00010396,-0
.00051156,0.00153621,-0.00009261,-0.00047230,0.00020717,0.00000455,0.0
0036822,0.00008276,-0.01321425,-0.02211702,0.01834895,-0.00225697,0.00
444384,0.00494470,-0.10758583,-0.08265889,0.15961279,0.00151320,-0.000
39451,-0.00041375,0.00047371,-0.00461457,0.00236979,0.00004905,0.00242
824,-0.00533095,0.00004365,0.00000076,-0.00002581,0.00018356,0.0001243
9,0.00000711,-0.00007038,-0.00000427,0.00002725,0.00004609,0.00000551,
-0.00001898,-0.00009298,-0.00001577,-0.00002773,0.00001402,0.00005182,
0.00004256,0.00037787,0.00043001,0.00010839,-0.00011314,0.00002616,-0.
00007097,0.00000266,-0.00006848,0.00002269,-0.00026412,0.00043584,0.00
009720,-0.00037629,-0.00022567,0.00005994,0.00028574,-0.00004332,-0.00
006825,0.00037751,0.00019298,-0.00024245,-0.00005720,0.00038570,0.0001
4506,0.00002074,-0.00020196,-0.00009643,-0.00441616,-0.00349974,-0.002
97025,0.13005844,0.11178568,0.00007275,-0.00003460,0.00007087,-0.00001
461,0.00010641,0.00001194,0.00021301,0.00051671,-0.00043592,-0.0001686
2,0.00032858,-0.00055044,0.00064352,0.00047570,0.00011145,-0.00007690,
-0.00023394,-0.00011925,-0.00759900,-0.01214787,0.01305610,-0.00141208
,-0.00866975,0.00255113,0.19609936,0.19650119,-0.37637162,0.00055701,0
.00257101,-0.00073811,-0.00013364,0.00579534,-0.00224721,0.00015641,-0
.00181209,0.00212806,-0.00002120,0.00002037,-0.00000860,-0.00004386,0.
00005957,-0.00009382,-0.00002655,0.00004443,-0.00004581,-0.00001229,-0
.00000459,-0.00001604,0.00002988,-0.00000653,0.00002430,-0.00001527,0.
00000713,-0.00001467,-0.00014859,-0.00017500,-0.00007793,0.00001450,-0
.00001744,0.00003014,0.00002181,0.00002694,0.00001343,0.00021406,-0.00
020050,-0.00005926,0.00010137,0.00007472,-0.00002647,-0.00010623,0.000
04320,0.00004397,0.00013447,0.00013243,-0.00007508,-0.00023233,0.00005
322,-0.00027788,0.00001954,0.00000449,0.00005117,-0.00156645,-0.003029
36,-0.00097447,-0.19945492,-0.19112269,0.38535497,-0.00009847,0.000075
36,-0.00019200,-0.00023517,-0.00043048,0.00002478,0.00002383,0.0001103
7,-0.00011433,-0.00005739,0.00001234,-0.00018971,-0.00330035,-0.004618
30,-0.00134656,-0.00035003,0.00105522,-0.00061958,-0.00926020,0.013765
13,-0.00171454,0.00136039,-0.00020307,0.00019313,-0.22037367,0.0449928
1,-0.16529897,-0.00053395,0.00043090,0.00038623,-0.00073262,0.00101569
,0.00022352,0.00028224,-0.00069171,0.00021144,-0.00003675,0.00004820,-
0.00001927,0.00011928,-0.00012274,0.00003007,0.00002648,-0.00004533,0.
00008639,-0.00002171,0.00002191,-0.00000119,-0.00016279,-0.00000221,-0
.00007526,0.00003475,0.00000822,0.00003411,-0.00004033,-0.00003769,-0.
00001894,-0.00000449,0.00000166,-0.00001096,0.00000974,0.00000710,0.00
000458,0.00005939,-0.00001059,0.00001010,0.00002243,-0.00000159,-0.000
00346,-0.00001187,0.00004242,0.00001318,0.00050439,-0.00033021,-0.0001
5818,0.00003594,-0.00000358,-0.00009672,0.00002742,-0.00007847,-0.0000
2505,0.00057415,-0.00006341,0.00034434,0.01033989,-0.00422060,0.012754
86,0.22179947,-0.00010648,-0.00002605,-0.00010057,-0.00019481,-0.00050
004,0.00008316,-0.00040555,-0.00081756,0.00092236,0.00018680,-0.000375
70,0.00115197,-0.00036396,-0.00357248,-0.00084295,-0.00093140,0.001165
02,-0.00032201,-0.01651752,0.00687066,-0.02197532,-0.00477893,0.003596
34,0.00098161,0.05419165,-0.07539344,0.08170787,0.00121795,-0.00069968
,-0.00060824,0.00184774,-0.00547660,0.00069091,-0.00058199,0.00263584,
-0.00346096,0.00004306,-0.00001735,0.00001598,0.00004830,0.00002945,0.
00004856,-0.00004343,-0.00001650,0.00002619,0.00000759,0.00000086,0.00
000543,-0.00016285,0.00000766,-0.00008962,0.00002730,0.00001356,0.0000
1421,0.00028675,0.00032423,0.00011709,-0.00005147,0.00003342,-0.000035
97,-0.00001421,-0.00005162,0.00000571,-0.00024923,0.00030702,0.0000726
2,-0.00024110,-0.00014731,0.00004052,0.00022709,-0.00008357,-0.0000848
8,-0.00007956,0.00004199,0.00030697,-0.00018644,-0.00006017,-0.0001937
7,0.00016396,0.00008963,-0.00000648,0.00039063,0.00094843,0.00095679,0
.01699744,-0.00453805,0.01069292,-0.05072731,0.07571202,-0.00013581,-0
.00019156,-0.00005226,-0.00002022,-0.00042736,0.00001832,-0.00060187,-
0.00113735,0.00138010,0.00022856,-0.00053710,0.00167061,0.00108694,-0.
00189365,0.00115575,0.00004570,0.00119236,0.00026803,-0.00048176,0.002
32916,-0.00706147,-0.00284446,0.00529743,0.00099574,-0.12875356,0.0582
1773,-0.14993807,0.00115209,-0.00189255,-0.00071415,0.00175797,-0.0068
8638,0.00103558,-0.00053164,0.00353888,-0.00502882,0.00009543,-0.00004
795,0.00002295,0.00000192,0.00011623,0.00007509,-0.00007228,-0.0000011
2,0.00000353,0.00005716,-0.00000011,0.00001912,-0.00010599,0.00003975,
-0.00008012,-0.00000272,0.00003382,-0.00000789,0.00041316,0.00047147,0
.00015673,-0.00008946,0.00003421,-0.00005784,-0.00001624,-0.00007196,0
.00001474,-0.00036558,0.00041569,0.00013092,-0.00040552,-0.00021418,0.
00006460,0.00029543,-0.00006712,-0.00006374,0.00011429,0.00018853,0.00
011999,0.00018593,-0.00002520,0.00008393,0.00006432,-0.00009297,-0.000
10170,0.00078585,0.00005961,0.00103307,-0.02742562,0.01167179,-0.02131
496,0.15556796,-0.07012012,0.17617225\\-0.05226283,-0.02189748,-0.0006
6571,0.02303669,0.04036352,-0.01876460,0.02439299,-0.01497097,0.012320
36,-0.03356840,-0.05031886,-0.04399038,0.02747597,0.02643072,0.0295353
8,0.01401213,-0.02887194,-0.03671040,-0.03695394,-0.02210557,-0.005861
15,-0.02453750,-0.06419440,-0.01027324,0.01470880,0.04594963,-0.029786
68,0.00774827,0.00935716,0.00429653,0.01568908,0.03585826,-0.00335059,
-0.00910483,-0.00303281,0.06813975,0.00548617,0.00157420,-0.01692363,0
.01864771,-0.00116269,-0.00874945,0.00399585,0.00377365,0.01307514,0.0
0015659,-0.00446430,-0.01278615,-0.01225134,-0.03395720,0.01877776,-0.
00229671,0.00000377,0.03245145,-0.00816527,0.00803279,-0.03988436,-0.0
0375834,0.00264306,0.00239139,-0.00663986,0.01677787,-0.00354081,0.021
68248,-0.00061496,-0.02625855,-0.00504637,0.06320197,0.03363564,0.0064
9038,0.00425416,0.01433324,0.00760557,-0.00491980,-0.00464096,-0.00771
935,0.00084428,-0.02664632,-0.01329460,0.02501319,0.02604060,0.0147203
9,-0.01173582,-0.01488183,-0.01443098,-0.02643705,0.04036574,0.0241812
7,0.00460563,0.00835184\\\@
e
e
Luck
--
Job
Elapsed
File
